    -9.80000      0.00000
    -9.40000      0.00000
    -9.00000      0.00000
    -8.60000      0.00000
    -8.20000      0.00000
    -7.80000      0.00000
    -7.40000      0.00000
    -7.00000      0.00000
    -6.60000      0.00000
    -6.20000      2.50000
    -5.80000     20.00000
    -5.40000     17.50000
    -5.00000     47.50000
    -4.60000     72.50000
    -4.20000     70.00000
    -3.80000    120.00000
    -3.40000    157.50000
    -3.00000    222.50000
    -2.60000    172.50000
    -2.20000    242.50000
    -1.80000    262.50000
    -1.40000    242.50000
    -1.00000    270.00000
    -0.60000    280.00000
    -0.20000    217.50000
     0.20000    180.00000
     0.60000    267.50000
     1.00000    272.50000
     1.40000    245.00000
     1.80000    290.00000
     2.20000    200.00000
     2.60000    230.00000
     3.00000    182.50000
     3.40000    110.00000
     3.80000     95.00000
     4.20000     90.00000
     4.60000     52.50000
     5.00000     47.50000
     5.40000     27.50000
     5.80000     15.00000
     6.20000      5.00000
     6.60000      2.50000
     7.00000      0.00000
     7.40000      0.00000
     7.80000      0.00000
     8.20000      0.00000
     8.60000      0.00000
     9.00000      0.00000
     9.40000      0.00000
     9.80000      0.00000
 after hadron evolution
    -9.80000      0.00000
    -9.40000      0.00000
    -9.00000      0.00000
    -8.60000      0.00000
    -8.20000      0.00000
    -7.80000      0.00000
    -7.40000      0.00000
    -7.00000      2.50000
    -6.60000      0.00000
    -6.20000      7.50000
    -5.80000     20.00000
    -5.40000     25.00000
    -5.00000     55.00000
    -4.60000     80.00000
    -4.20000    112.50000
    -3.80000    170.00000
    -3.40000    245.00000
    -3.00000    300.00000
    -2.60000    312.50000
    -2.20000    430.00000
    -1.80000    447.50000
    -1.40000    432.50000
    -1.00000    497.50000
    -0.60000    490.00000
    -0.20000    387.50000
     0.20000    480.00000
     0.60000    445.00000
     1.00000    510.00000
     1.40000    440.00000
     1.80000    465.00000
     2.20000    377.50000
     2.60000    325.00000
     3.00000    280.00000
     3.40000    220.00000
     3.80000    167.50000
     4.20000    132.50000
     4.60000     95.00000
     5.00000     52.50000
     5.40000     27.50000
     5.80000     17.50000
     6.20000      2.50000
     6.60000      0.00000
     7.00000      2.50000
     7.40000      0.00000
     7.80000      0.00000
     8.20000      0.00000
     8.60000      0.00000
     9.00000      0.00000
     9.40000      0.00000
     9.80000      0.00000
