 after hadron evolution
     0.02500     58.82961
     0.07500     88.72345
     0.12500     80.63651
     0.17500     60.29264
     0.22500     96.59511
     0.27500     39.43160
     0.37500     22.88527
     0.42500     21.85302
     0.47500     20.74508
     0.52500     29.44139
     0.57500     27.72221
     0.62500      8.75728
     0.67500      8.61413
     0.72500     24.71879
     0.87500      7.23116
     1.02500     13.11733
     1.12500     12.31909
     1.22500      5.88026
     1.42500      5.21669
     2.02500      3.96901
     2.12500      3.80647
     2.17500      7.42805
