    -9.80000      0.00000
    -9.40000      0.00000
    -9.00000      0.00000
    -8.60000      0.00000
    -8.20000      0.00000
    -7.80000      0.00000
    -7.40000      0.00000
    -7.00000      0.00000
    -6.60000      0.00000
    -6.20000      0.00000
    -5.80000      0.00000
    -5.40000      0.00000
    -5.00000      2.50000
    -4.60000      7.50000
    -4.20000     10.00000
    -3.80000     27.50000
    -3.40000     10.00000
    -3.00000     40.00000
    -2.60000     45.00000
    -2.20000     27.50000
    -1.80000     60.00000
    -1.40000     62.50000
    -1.00000     50.00000
    -0.60000     72.50000
    -0.20000     77.50000
     0.20000     60.00000
     0.60000     75.00000
     1.00000     45.00000
     1.40000     40.00000
     1.80000     47.50000
     2.20000     57.50000
     2.60000     47.50000
     3.00000     25.00000
     3.40000     40.00000
     3.80000     20.00000
     4.20000     12.50000
     4.60000      5.00000
     5.00000      5.00000
     5.40000      2.50000
     5.80000      0.00000
     6.20000      0.00000
     6.60000      0.00000
     7.00000      0.00000
     7.40000      0.00000
     7.80000      0.00000
     8.20000      0.00000
     8.60000      0.00000
     9.00000      0.00000
     9.40000      0.00000
     9.80000      0.00000
 after hadron evolution
    -9.80000      0.00000
    -9.40000      0.00000
    -9.00000      0.00000
    -8.60000      0.00000
    -8.20000      0.00000
    -7.80000      0.00000
    -7.40000      0.00000
    -7.00000      0.00000
    -6.60000      0.00000
    -6.20000      0.00000
    -5.80000      0.00000
    -5.40000      5.00000
    -5.00000     10.00000
    -4.60000     30.00000
    -4.20000     57.50000
    -3.80000     75.00000
    -3.40000     60.00000
    -3.00000    122.50000
    -2.60000    150.00000
    -2.20000    145.00000
    -1.80000    182.50000
    -1.40000    215.00000
    -1.00000    280.00000
    -0.60000    290.00000
    -0.20000    272.50000
     0.20000    230.00000
     0.60000    315.00000
     1.00000    272.50000
     1.40000    205.00000
     1.80000    217.50000
     2.20000    210.00000
     2.60000    147.50000
     3.00000    125.00000
     3.40000    135.00000
     3.80000     60.00000
     4.20000     50.00000
     4.60000     22.50000
     5.00000      7.50000
     5.40000      2.50000
     5.80000      0.00000
     6.20000      0.00000
     6.60000      0.00000
     7.00000      0.00000
     7.40000      0.00000
     7.80000      0.00000
     8.20000      0.00000
     8.60000      0.00000
     9.00000      0.00000
     9.40000      0.00000
     9.80000      0.00000
