    -9.80000      0.00000
    -9.40000      0.00000
    -9.00000      0.00000
    -8.60000      0.00000
    -8.20000      0.00000
    -7.80000      0.00000
    -7.40000      0.00000
    -7.00000      0.00000
    -6.60000      0.00000
    -6.20000      0.00000
    -5.80000      2.50000
    -5.40000      0.00000
    -5.00000      5.00000
    -4.60000     32.50000
    -4.20000     57.50000
    -3.80000    110.00000
    -3.40000    112.50000
    -3.00000    187.50000
    -2.60000    200.00000
    -2.20000    202.50000
    -1.80000    282.50000
    -1.40000    287.50000
    -1.00000    315.00000
    -0.60000    322.50000
    -0.20000    300.00000
     0.20000    267.50000
     0.60000    322.50000
     1.00000    317.50000
     1.40000    290.00000
     1.80000    250.00000
     2.20000    225.00000
     2.60000    195.00000
     3.00000    137.50000
     3.40000    110.00000
     3.80000     82.50000
     4.20000     70.00000
     4.60000     32.50000
     5.00000      5.00000
     5.40000      5.00000
     5.80000      2.50000
     6.20000      0.00000
     6.60000      0.00000
     7.00000      0.00000
     7.40000      0.00000
     7.80000      0.00000
     8.20000      0.00000
     8.60000      0.00000
     9.00000      0.00000
     9.40000      0.00000
     9.80000      0.00000
 after hadron evolution
    -9.80000      0.00000
    -9.40000      0.00000
    -9.00000      0.00000
    -8.60000      0.00000
    -8.20000      0.00000
    -7.80000      0.00000
    -7.40000      0.00000
    -7.00000      0.00000
    -6.60000      0.00000
    -6.20000      0.00000
    -5.80000      2.50000
    -5.40000      2.50000
    -5.00000     12.50000
    -4.60000     47.50000
    -4.20000     95.00000
    -3.80000    152.50000
    -3.40000    165.00000
    -3.00000    287.50000
    -2.60000    342.50000
    -2.20000    360.00000
    -1.80000    497.50000
    -1.40000    460.00000
    -1.00000    537.50000
    -0.60000    545.00000
    -0.20000    507.50000
     0.20000    590.00000
     0.60000    515.00000
     1.00000    522.50000
     1.40000    520.00000
     1.80000    455.00000
     2.20000    382.50000
     2.60000    300.00000
     3.00000    227.50000
     3.40000    212.50000
     3.80000    142.50000
     4.20000     97.50000
     4.60000     50.00000
     5.00000     15.00000
     5.40000      7.50000
     5.80000      2.50000
     6.20000      0.00000
     6.60000      0.00000
     7.00000      0.00000
     7.40000      0.00000
     7.80000      0.00000
     8.20000      0.00000
     8.60000      0.00000
     9.00000      0.00000
     9.40000      0.00000
     9.80000      0.00000
