    -9.80000      0.00000
    -9.40000      0.00000
    -9.00000      0.00000
    -8.60000      0.00000
    -8.20000      2.50000
    -7.80000     10.00000
    -7.40000      0.00000
    -7.00000      5.00000
    -6.60000      2.50000
    -6.20000      2.50000
    -5.80000     17.50000
    -5.40000     30.00000
    -5.00000     30.00000
    -4.60000     25.00000
    -4.20000     45.00000
    -3.80000     37.50000
    -3.40000     37.50000
    -3.00000     55.00000
    -2.60000     42.50000
    -2.20000     42.50000
    -1.80000     42.50000
    -1.40000     65.00000
    -1.00000     40.00000
    -0.60000     45.00000
    -0.20000     55.00000
     0.20000     45.00000
     0.60000     37.50000
     1.00000     52.50000
     1.40000     57.50000
     1.80000     40.00000
     2.20000     30.00000
     2.60000     52.50000
     3.00000     40.00000
     3.40000     50.00000
     3.80000     35.00000
     4.20000     25.00000
     4.60000     25.00000
     5.00000     37.50000
     5.40000     35.00000
     5.80000     10.00000
     6.20000     17.50000
     6.60000      5.00000
     7.00000     10.00000
     7.40000      5.00000
     7.80000      7.50000
     8.20000      2.50000
     8.60000      0.00000
     9.00000      2.50000
     9.40000      2.50000
     9.80000      0.00000
 after hadron evolution
    -9.80000      0.00000
    -9.40000      0.00000
    -9.00000      0.00000
    -8.60000      2.50000
    -8.20000     10.00000
    -7.80000     17.50000
    -7.40000      2.50000
    -7.00000     25.00000
    -6.60000     25.00000
    -6.20000     27.50000
    -5.80000     60.00000
    -5.40000     65.00000
    -5.00000    120.00000
    -4.60000     92.50000
    -4.20000    117.50000
    -3.80000    142.50000
    -3.40000    122.50000
    -3.00000    162.50000
    -2.60000    130.00000
    -2.20000    170.00000
    -1.80000    142.50000
    -1.40000    162.50000
    -1.00000    177.50000
    -0.60000    127.50000
    -0.20000    152.50000
     0.20000    157.50000
     0.60000    190.00000
     1.00000    152.50000
     1.40000    157.50000
     1.80000    150.00000
     2.20000    117.50000
     2.60000    117.50000
     3.00000    157.50000
     3.40000    160.00000
     3.80000    132.50000
     4.20000     92.50000
     4.60000     85.00000
     5.00000     92.50000
     5.40000     92.50000
     5.80000     57.50000
     6.20000     57.50000
     6.60000     40.00000
     7.00000     30.00000
     7.40000     22.50000
     7.80000     10.00000
     8.20000      7.50000
     8.60000      0.00000
     9.00000      2.50000
     9.40000      2.50000
     9.80000      0.00000
