    -9.80000      0.00000
    -9.40000      0.00000
    -9.00000      0.00000
    -8.60000      0.00000
    -8.20000      0.00000
    -7.80000      0.00000
    -7.40000      0.00000
    -7.00000      0.00000
    -6.60000      0.00000
    -6.20000      0.00000
    -5.80000      2.50000
    -5.40000      0.00000
    -5.00000      5.00000
    -4.60000     12.50000
    -4.20000     32.50000
    -3.80000     32.50000
    -3.40000     65.00000
    -3.00000     77.50000
    -2.60000     87.50000
    -2.20000     57.50000
    -1.80000    150.00000
    -1.40000    137.50000
    -1.00000    175.00000
    -0.60000    165.00000
    -0.20000    155.00000
     0.20000    122.50000
     0.60000    162.50000
     1.00000    152.50000
     1.40000    147.50000
     1.80000    115.00000
     2.20000    100.00000
     2.60000     87.50000
     3.00000     47.50000
     3.40000     47.50000
     3.80000     32.50000
     4.20000     32.50000
     4.60000     15.00000
     5.00000      2.50000
     5.40000      0.00000
     5.80000      2.50000
     6.20000      0.00000
     6.60000      0.00000
     7.00000      0.00000
     7.40000      0.00000
     7.80000      0.00000
     8.20000      0.00000
     8.60000      0.00000
     9.00000      0.00000
     9.40000      0.00000
     9.80000      0.00000
 after hadron evolution
    -9.80000      0.00000
    -9.40000      0.00000
    -9.00000      0.00000
    -8.60000      0.00000
    -8.20000      0.00000
    -7.80000      0.00000
    -7.40000      0.00000
    -7.00000      0.00000
    -6.60000      0.00000
    -6.20000      0.00000
    -5.80000      2.50000
    -5.40000      2.50000
    -5.00000      5.00000
    -4.60000     20.00000
    -4.20000     37.50000
    -3.80000     45.00000
    -3.40000     95.00000
    -3.00000    137.50000
    -2.60000    172.50000
    -2.20000    145.00000
    -1.80000    250.00000
    -1.40000    242.50000
    -1.00000    237.50000
    -0.60000    280.00000
    -0.20000    235.00000
     0.20000    290.00000
     0.60000    245.00000
     1.00000    260.00000
     1.40000    275.00000
     1.80000    225.00000
     2.20000    167.50000
     2.60000    132.50000
     3.00000    100.00000
     3.40000     92.50000
     3.80000     67.50000
     4.20000     40.00000
     4.60000     25.00000
     5.00000      7.50000
     5.40000      2.50000
     5.80000      2.50000
     6.20000      0.00000
     6.60000      0.00000
     7.00000      0.00000
     7.40000      0.00000
     7.80000      0.00000
     8.20000      0.00000
     8.60000      0.00000
     9.00000      0.00000
     9.40000      0.00000
     9.80000      0.00000
