    -9.80000      0.00000
    -9.40000      0.00000
    -9.00000      0.00000
    -8.60000      0.00000
    -8.20000      0.00000
    -7.80000      0.00000
    -7.40000      0.00000
    -7.00000      0.00000
    -6.60000      0.00000
    -6.20000      0.00000
    -5.80000      2.50000
    -5.40000      0.00000
    -5.00000      7.50000
    -4.60000     57.50000
    -4.20000     67.50000
    -3.80000    122.50000
    -3.40000    147.50000
    -3.00000    250.00000
    -2.60000    272.50000
    -2.20000    330.00000
    -1.80000    427.50000
    -1.40000    510.00000
    -1.00000    495.00000
    -0.60000    570.00000
    -0.20000    545.00000
     0.20000    512.50000
     0.60000    557.50000
     1.00000    515.00000
     1.40000    422.50000
     1.80000    427.50000
     2.20000    365.00000
     2.60000    275.00000
     3.00000    182.50000
     3.40000    160.00000
     3.80000    112.50000
     4.20000     70.00000
     4.60000     37.50000
     5.00000     10.00000
     5.40000      7.50000
     5.80000      2.50000
     6.20000      0.00000
     6.60000      0.00000
     7.00000      0.00000
     7.40000      0.00000
     7.80000      0.00000
     8.20000      0.00000
     8.60000      0.00000
     9.00000      0.00000
     9.40000      0.00000
     9.80000      0.00000
 after hadron evolution
    -9.80000      0.00000
    -9.40000      0.00000
    -9.00000      0.00000
    -8.60000      0.00000
    -8.20000      0.00000
    -7.80000      0.00000
    -7.40000      0.00000
    -7.00000      0.00000
    -6.60000      0.00000
    -6.20000      0.00000
    -5.80000      2.50000
    -5.40000      7.50000
    -5.00000     22.50000
    -4.60000     82.50000
    -4.20000    140.00000
    -3.80000    192.50000
    -3.40000    212.50000
    -3.00000    400.00000
    -2.60000    465.00000
    -2.20000    505.00000
    -1.80000    665.00000
    -1.40000    705.00000
    -1.00000    815.00000
    -0.60000    865.00000
    -0.20000    780.00000
     0.20000    855.00000
     0.60000    830.00000
     1.00000    805.00000
     1.40000    717.50000
     1.80000    692.50000
     2.20000    592.50000
     2.60000    412.50000
     3.00000    322.50000
     3.40000    317.50000
     3.80000    187.50000
     4.20000    127.50000
     4.60000     70.00000
     5.00000     22.50000
     5.40000     10.00000
     5.80000      2.50000
     6.20000      0.00000
     6.60000      0.00000
     7.00000      0.00000
     7.40000      0.00000
     7.80000      0.00000
     8.20000      0.00000
     8.60000      0.00000
     9.00000      0.00000
     9.40000      0.00000
     9.80000      0.00000
