           1           0         197         197   10.2997875    
     4.660     -0.020     1     0      6.413  2212  2212
     5.390      0.480     2     0      5.960  2212  2212
     2.703     -1.810     3     3      5.884     0  2212
     5.233     -0.330     4     0      5.654  2212  2212
     7.687     -2.034     5     0      5.549  2212  2212
     5.189      2.819     6     0      5.495  2212  2212
     6.739     -4.297     7     0      5.047  2212  2212
     2.085     -1.131     8     3      4.627     0  2212
     7.543     -0.238     9     0      4.556  2212  2212
     3.179     -3.134    10     3      4.371     0  2212
     8.763     -5.366    11     0      4.199  2212  2212
     5.219     -4.098    12     0      4.183  2212  2212
     1.651     -1.280    13     3      4.181     0  2212
     2.034      2.440    14     2      4.141  2212  2212
     6.856      3.051    15     0      4.042  2212  2212
     5.405      1.875    16     0      4.025  2212  2212
     4.053     -2.262    17     0      3.976  2212  2212
     3.586      3.108    18     0      3.972  2212  2212
     0.518     -0.995    19     3      3.962     0  2212
     6.709     -3.872    20     0      3.923  2212  2212
     4.531      3.780    21     0      3.817  2212  2212
     3.170      1.133    22     3      3.669     0  2212
     2.931     -5.383    23     0      3.665  2212  2212
     7.154     -2.324    24     0      3.649  2212  2212
     3.781     -1.193    25     0      3.636  2212  2212
     4.389     -3.561    26     0      3.462  2212  2212
     1.306     -0.077    27     3      3.430     0  2212
     1.323     -2.770    28     3      3.351     0  2212
     6.905     -3.404    29     0      3.350  2212  2212
     1.152     -1.866    30     3      3.343     0  2212
     7.770     -1.007    31     0      3.284  2212  2212
    10.865     -1.554    32     0      3.242  2212  2212
     2.553     -3.411    33     0      3.191  2212  2212
     4.451      2.916    34     0      3.110  2212  2212
    10.405      2.513    35     0      3.017  2212  2212
     4.557      4.507    36     0      2.930  2212  2212
     7.246     -3.027    37     0      2.928  2212  2212
    11.640     -1.234    38     0      2.864  2212  2212
     8.494     -3.031    39     0      2.862  2212  2212
    11.236      1.785    40     0      2.826  2212  2212
     7.364      0.013    41     0      2.777  2212  2212
     4.558      0.023    42     3      2.589     0  2212
     0.624     -3.896    43     3      2.557     0  2212
     9.947     -2.672    44     0      2.534  2212  2212
     6.930     -3.215    45     0      2.506  2212  2212
     4.528      1.149    46     0      2.458  2212  2212
     0.828      3.771    47     0      2.456  2212  2212
     5.276      4.904    48     0      2.423  2212  2212
     6.322      0.961    49     0      2.411  2212  2212
     7.018      1.839    50     0      2.301  2212  2212
     3.301      4.497    51     0      2.058  2212  2212
     4.454      2.578    52     0      1.932  2212  2212
     1.770      1.121    53     3      1.822     0  2212
     7.375     -3.092    54     0      1.751  2212  2212
     5.528      2.774    55     0      1.739  2212  2212
    12.343      0.956    56     0      1.713  2212  2212
     6.354     -0.490    57     0      1.624  2212  2212
     0.448      1.988    58     3      1.580     0  2212
     2.095      1.170    59     3      1.542     0  2212
     7.498      3.455    60     0      1.527  2212  2212
    10.908      0.619    61     0      1.507  2212  2212
    11.929      1.976    62     0      1.406  2212  2212
    -0.361      2.065    63     3      1.394     0  2212
    10.008      1.017    64     0      1.382  2212  2212
     5.841      0.900    65     0      1.345  2212  2212
    10.730     -1.296    66     0      1.216  2212  2212
     3.158      0.310    67     3      1.181     0  2212
     9.209      4.063    68     0      1.143  2212  2212
     3.986     -5.292    69     0      1.133  2212  2212
     3.991     -2.430    70     0      1.110  2212  2212
     8.564     -0.824    71     0      1.100  2212  2212
    -1.656     -6.825    72     3      1.056     0  2212
     0.957      1.691    73     3      1.042     0  2212
     8.547     -0.216    74     0      1.016  2212  2212
    -0.285     -2.758    75     3      1.000     0  2212
     2.901     -1.258    76     3      0.873     0  2212
     4.421     -4.842    77     0      0.788  2212  2212
     0.917      3.587    78     1      0.758  2212  2212
     6.399     -4.540    79     0      0.751  2212  2212
     1.707     -2.163    80     0      0.712  2112  2112
     8.326     -4.159    81     0      0.702  2112  2112
     2.708     -1.894    82     3      0.699     0  2112
     1.828      3.708    83     0      0.676  2112  2112
     8.056      0.863    84     0      0.668  2112  2112
     9.678      1.086    85     0      0.663  2112  2112
     1.250     -1.618    86     3      0.537     0  2112
     1.504      1.404    87     3      0.478     0  2112
    11.158     -0.521    88     0      0.454  2112  2112
     1.590     -4.054    89     3      0.367     0  2112
     8.251     -2.989    90     0      0.335  2112  2112
     4.470      3.994    91     0      0.325  2112  2112
    10.094     -2.471    92     0      0.308  2112  2112
     8.183     -0.880    93     0      0.255  2112  2112
     7.140     -3.085    94     0      0.253  2112  2112
     4.117      2.985    95     0      0.246  2112  2112
     4.243      5.328    96     0      0.188  2112  2112
     5.851      1.949    97     0      0.188  2112  2112
     6.056     -5.524    98     0      0.146  2112  2112
     4.615      1.122    99     0      0.118  2112  2112
     1.182      7.203   100     0      0.043  2112  2112
     1.885     -0.795   101     3      0.006     0  2112
     9.999     -5.059   102     0     -0.086  2112  2112
     3.199     -6.930   103     0     -0.104  2112  2112
     0.152     -2.062   104     3     -0.107     0  2112
     2.566      1.596   105     0     -0.129  2112  2112
     3.336     -0.122   106     0     -0.150  2112  2112
     7.534     -5.486   107     0     -0.186  2112  2112
     1.018      1.448   108     3     -0.223     0  2112
    10.153     -2.908   109     0     -0.255  2112  2112
     6.612      1.267   110     0     -0.260  2112  2112
     9.174      2.775   111     0     -0.283  2112  2112
     7.886      5.238   112     0     -0.356  2112  2112
     5.714     -2.833   113     0     -0.370  2112  2112
     4.802     -2.076   114     0     -0.410  2112  2112
     9.384     -1.045   115     0     -0.451  2112  2112
     2.941      0.795   116     3     -0.499     0  2112
    10.596      3.001   117     0     -0.521  2112  2112
     5.987      7.065   118     0     -0.553  2112  2112
     2.762     -4.747   119     0     -0.568  2112  2112
    -0.798     -3.535   120     3     -0.589     0  2112
    11.733      3.442   121     0     -0.639  2112  2112
     6.836      7.101   122     0     -0.653  2112  2112
     2.399      3.342   123     0     -0.691  2112  2112
     0.666     -5.000   124     3     -0.698     0  2112
    11.182     -1.912   125     0     -0.717  2112  2112
     6.556      5.702   126     0     -0.748  2112  2112
     3.302      5.212   127     0     -0.882  2112  2112
     7.111      4.112   128     0     -0.883  2112  2112
    -1.542      3.451   129     3     -0.907     0  2112
     3.558     -2.088   130     3     -1.104     0  2112
    10.856     -4.133   131     0     -1.130  2112  2112
     1.539      1.258   132     3     -1.173     0  2112
    11.063     -1.263   133     0     -1.259  2112  2112
     1.161      2.543   134     3     -1.261     0  2112
    -1.115      3.790   135     3     -1.407     0  2112
     2.222      3.800   136     0     -1.492  2112  2112
     3.551      2.545   137     0     -1.502  2112  2112
     8.291      3.780   138     0     -1.546  2112  2112
     3.269      3.715   139     0     -1.564  2112  2112
     3.557     -0.958   140     0     -1.617  2112  2112
     7.073     -1.333   141     0     -1.624  2112  2112
    11.461      1.967   142     0     -1.661  2112  2112
    -0.480     -0.625   143     3     -1.722     0  2212
     6.893      6.013   144     0     -1.733  2112  2112
     3.564      4.721   145     0     -1.752  2112  2112
     1.553     -3.863   146     0     -2.054  2112  2112
     2.691     -3.084   147     0     -2.056  2112  2112
     5.104     -4.696   148     0     -2.118  2112  2112
     2.684     -2.677   149     0     -2.206  2112  2112
     2.122     -0.622   150     3     -2.224     0  2112
     7.744     -0.899   151     0     -2.253  2112  2112
     0.329      1.808   152     3     -2.361     0  2112
     3.556     -5.403   153     0     -2.372  2112  2112
     5.640     -2.407   154     0     -2.386  2112  2112
    10.559      2.795   155     0     -2.442  2112  2112
     3.544      0.724   156     0     -2.555  2112  2112
     4.699     -5.212   157     0     -2.630  2112  2112
     3.119     -4.263   158     0     -2.636  2112  2112
    -0.612     -2.258   159     3     -2.857     0  2112
     5.386     -5.294   160     0     -2.915  2112  2112
     6.380     -0.548   161     0     -2.938  2112  2112
     6.851     -3.177   162     0     -3.023  2112  2112
     9.629     -0.082   163     0     -3.143  2112  2112
     7.509     -0.110   164     0     -3.228  2112  2112
     1.549      2.387   165     0     -3.253  2112  2112
     6.256      3.594   166     0     -3.332  2112  2112
     1.590     -2.017   167     3     -3.438     0  2112
     8.926      2.955   168     0     -3.472  2112  2112
     7.953      3.218   169     0     -3.626  2112  2112
     9.845     -1.466   170     0     -3.840  2112  2112
     4.788     -4.970   171     0     -3.862  2112  2112
     6.945      0.911   172     0     -3.895  2112  2112
     6.990     -1.774   173     0     -3.949  2112  2112
     3.226      4.447   174     0     -4.033  2112  2112
     2.894     -4.958   175     0     -4.202  2112  2112
     1.427      1.715   176     3     -4.271     0  2112
     2.615     -4.676   177     0     -4.364  2112  2112
     6.137      1.993   178     0     -4.433  2112  2112
     3.440     -2.027   179     0     -4.566  2112  2112
     3.016     -0.971   180     3     -4.588     0  2112
     5.603     -5.250   181     0     -4.717  2112  2112
     5.429     -3.275   182     0     -4.769  2112  2112
    -0.993     -3.659   183     3     -4.794     0  2112
     6.533      2.809   184     0     -4.797  2112  2112
     1.635     -0.747   185     3     -4.865     0  2112
     6.251     -3.481   186     0     -4.902  2112  2112
     7.352      0.020   187     0     -5.149  2112  2112
     5.035     -0.552   188     0     -5.572  2112  2112
     2.894      1.577   189     0     -5.671  2112  2112
     4.349     -1.120   190     0     -5.692  2112  2112
     7.653      0.598   191     0     -6.104  2112  2112
     2.145      4.431   192     0     -6.243  2112  2112
     2.641     -0.742   193     3     -6.294     0  2112
     6.221      2.225   194     0     -6.558  2112  2112
     7.345      1.346   195     0     -6.655  2112  2112
     4.495     -1.352   196     0     -6.911  2112  2112
     5.695     -2.405   197     0     -7.172  2112  2112
    -2.937      0.358    -1     0     -7.579  2212  2212
    -2.566     -1.300    -2     2     -7.218  2212  2212
    -6.798      3.321    -3     0     -6.689  2212  2212
    -1.289      4.389    -4     1     -5.602  2212  2212
    -6.951      2.704    -5     0     -5.253  2212  2212
    -3.968      1.334    -6     0     -5.241  2212  2212
    -8.292      4.180    -7     0     -5.041  2212  2212
    -1.250      1.416    -8     3     -4.915     0  2212
    -0.862     -0.769    -9     3     -4.905     0  2112
    -5.924      4.008   -10     0     -4.804  2212  2212
    -1.076      0.767   -11     0     -4.749  2212  2212
    -3.118      2.923   -12     0     -4.730  2212  2212
    -2.165     -2.224   -13     3     -4.520     0  2212
    -9.670     -0.473   -14     0     -4.460  2212  2212
    -1.151     -0.425   -15     1     -4.168  2212  2212
    -1.818     -4.275   -16     3     -4.133     0  2212
    -9.321      2.939   -17     0     -4.123  2212  2212
   -10.878      1.302   -18     0     -4.051  2212  2212
    -0.636     -0.003   -19     3     -4.026     0  2212
    -5.221      1.261   -20     0     -3.930  2212  2212
    -7.284      3.002   -21     0     -3.872  2212  2212
    -7.374      1.847   -22     0     -3.872  2212  2212
    -3.857      2.474   -23     0     -3.706  2212  2212
    -2.717      2.698   -24     3     -3.654     0  2212
    -5.954      0.600   -25     0     -3.541  2212  2212
   -10.939      0.793   -26     0     -3.510  2212  2212
    -4.196     -1.786   -27     0     -3.375  2212  2212
    -8.773     -3.153   -28     0     -3.351  2212  2212
    -4.021     -4.632   -29     0     -3.290  2212  2212
    -1.871     -0.201   -30     0     -3.277  2212  2212
    -1.867     -4.566   -31     0     -3.251  2212  2212
    -3.997     -1.317   -32     0     -3.237  2212  2212
    -6.583      3.082   -33     0     -2.968  2212  2212
    -2.579      2.722   -34     1     -2.952  2212  2212
    -9.310      1.550   -35     0     -2.858  2212  2212
    -5.409      4.138   -36     0     -2.837  2212  2212
    -0.227      0.775   -37     3     -2.824     0  2212
    -6.817     -3.732   -38     0     -2.810  2212  2212
   -10.173      0.476   -39     0     -2.712  2212  2212
    -3.803     -0.560   -40     0     -2.667  2212  2212
    -1.262     -6.665   -41     1     -2.654  2212  2212
   -10.076     -0.520   -42     0     -2.612  2212  2212
   -11.615     -1.819   -43     0     -2.595  2212  2212
    -2.140     -1.382   -44     0     -2.355  2212  2212
    -0.781      0.189   -45     3     -2.341     0  2212
    -0.847      2.457   -46     3     -2.322     0  2212
    -4.611      0.041   -47     0     -2.273  2212  2212
    -5.880     -3.333   -48     0     -2.208  2212  2212
    -5.993     -2.161   -49     0     -2.158  2212  2212
    -5.868      0.426   -50     0     -2.113  2212  2212
    -3.813      5.727   -51     0     -2.086  2212  2212
    -7.829      4.638   -52     0     -2.031  2212  2212
    -8.238     -3.511   -53     0     -2.006  2212  2212
   -10.368     -1.338   -54     0     -1.948  2212  2212
    -0.329     -1.276   -55     3     -1.920     0  2212
    -6.173      1.932   -56     0     -1.825  2212  2212
    -2.671      0.831   -57     0     -1.788  2212  2212
    -4.920      4.365   -58     0     -1.738  2212  2212
    -6.897      1.147   -59     0     -1.640  2212  2212
    -6.401      3.967   -60     0     -1.574  2212  2212
    -8.038      6.045   -61     0     -1.564  2212  2212
    -0.756     -3.476   -62     3     -1.469     0  2212
     0.341     -1.269   -63     3     -1.336     0  2212
    -3.672      2.238   -64     0     -1.290  2212  2212
    -9.010     -3.666   -65     0     -1.266  2212  2212
    -5.741     -3.563   -66     0     -1.206  2212  2212
    -2.707     -0.632   -67     0     -1.176  2212  2212
    -0.180      3.362   -68     3     -1.165     0  2212
    -5.921     -4.022   -69     0     -1.159  2212  2212
    -3.654      0.597   -70     0     -1.102  2212  2212
    -9.721     -1.802   -71     0     -1.047  2212  2212
    -2.424     -5.963   -72     1     -0.940  2212  2212
    -6.620     -3.313   -73     0     -0.937  2212  2212
   -11.178      0.424   -74     0     -0.919  2212  2212
    -8.899     -0.370   -75     0     -0.894  2212  2212
    -3.316      4.385   -76     0     -0.871  2212  2212
    -1.517     -1.239   -77     3     -0.870     0  2212
    -4.890     -3.836   -78     0     -0.842  2212  2212
    -0.195      0.184   -79     3     -0.807     0  2212
    -4.850     -2.103   -80     0     -0.807  2112  2112
    -2.967     -4.829   -81     0     -0.686  2112  2112
     0.360     -1.672   -82     3     -0.632     0  2112
    -4.685      6.256   -83     0     -0.626  2112  2112
    -9.281      5.387   -84     0     -0.615  2112  2112
    -3.263     -6.255   -85     0     -0.591  2112  2112
     1.341      1.185   -86     3     -0.588     0  2112
    -3.578     -1.345   -87     0     -0.562  2112  2112
    -6.012     -3.609   -88     0     -0.497  2112  2112
    -6.363      1.881   -89     0     -0.390  2112  2112
    -0.747     -4.498   -90     3     -0.346     0  2112
    -8.489     -1.354   -91     0     -0.303  2112  2112
    -3.288     -3.092   -92     0     -0.219  2112  2112
    -8.706     -4.071   -93     0     -0.160  2112  2112
    -7.731      1.830   -94     0     -0.158  2112  2112
    -2.104     -6.310   -95     3     -0.121     0  2112
    -8.951      1.016   -96     0     -0.114  2112  2112
    -3.210     -2.504   -97     0     -0.055  2112  2112
    -8.861      0.492   -98     0     -0.022  2112  2112
   -11.125      5.271   -99     0      0.017  2112  2112
    -1.610      2.694  -100     3      0.019     0  2112
    -4.382     -0.211  -101     0      0.082  2112  2112
    -7.230     -5.060  -102     0      0.112  2112  2112
    -9.702     -0.886  -103     0      0.143  2112  2112
    -4.690     -3.390  -104     0      0.152  2112  2112
    -7.526      0.617  -105     0      0.213  2112  2112
    -4.123      7.253  -106     0      0.213  2112  2112
    -8.565      1.661  -107     0      0.283  2112  2112
   -10.552     -4.942  -108     0      0.311  2112  2112
    -0.289      1.466  -109     3      0.332     0  2112
   -10.961      2.725  -110     0      0.420  2112  2112
    -8.588      5.171  -111     0      0.610  2112  2112
    -4.988     -2.507  -112     0      0.637  2112  2112
    -6.647     -1.811  -113     0      0.742  2112  2112
    -5.280      2.412  -114     0      0.745  2112  2112
    -9.917     -0.804  -115     0      0.772  2112  2112
    -6.039     -7.166  -116     0      0.792  2112  2112
    -7.936      6.870  -117     0      0.797  2112  2112
    -2.457     -2.972  -118     1      0.979  2112  2112
    -7.428      4.068  -119     0      0.997  2112  2112
    -4.060     -2.411  -120     0      1.053  2112  2112
    -4.967     -2.694  -121     0      1.089  2112  2112
    -4.872     -1.674  -122     0      1.202  2112  2112
    -7.486     -3.561  -123     0      1.283  2112  2112
    -8.443      1.807  -124     0      1.375  2112  2112
    -3.808      2.653  -125     0      1.422  2112  2112
    -9.390     -4.021  -126     0      1.560  2112  2112
    -1.717     -0.086  -127     3      1.646     0  2112
    -8.412     -0.639  -128     0      1.722  2112  2112
    -5.571      1.610  -129     0      1.729  2112  2112
    -5.689     -3.565  -130     0      1.733  2112  2112
    -9.784     -0.277  -131     0      1.747  2112  2112
    -6.522      4.705  -132     0      1.784  2112  2112
    -5.994      1.925  -133     0      1.826  2112  2112
    -9.918      0.456  -134     0      1.896  2112  2112
   -11.044      2.979  -135     0      1.928  2112  2112
   -10.628     -3.182  -136     0      1.935  2112  2112
    -9.953      1.884  -137     0      2.006  2112  2112
    -7.301      1.478  -138     0      2.013  2112  2112
    -9.390     -1.986  -139     0      2.151  2112  2112
    -4.546      2.588  -140     0      2.159  2112  2112
   -10.311     -0.050  -141     0      2.332  2112  2112
    -0.906      1.693  -142     3      2.380     0  2112
    -9.257      1.139  -143     0      2.409  2112  2112
    -5.775      0.022  -144     0      2.449  2112  2112
    -8.493      1.410  -145     0      2.460  2112  2112
    -4.126      6.047  -146     0      2.502  2112  2112
    -4.268     -2.251  -147     0      2.514  2112  2112
    -3.884      3.084  -148     0      2.541  2112  2112
    -8.112     -3.267  -149     0      2.663  2112  2112
    -8.712     -2.384  -150     0      2.742  2112  2112
    -2.668     -0.556  -151     1      2.748  2112  2112
    -1.500     -0.792  -152     3      2.753     0  2112
    -4.306     -3.039  -153     0      2.952  2112  2112
    -4.343     -4.582  -154     0      3.000  2112  2112
    -1.593     -2.311  -155     3      3.144     0  2112
     1.832     -0.192  -156     3      3.270     0  2112
    -8.880      1.098  -157     0      3.282  2112  2112
    -1.159      0.158  -158     3      3.355     0  2112
    -5.979      1.215  -159     0      3.373  2112  2112
    -6.474     -1.032  -160     0      3.418  2112  2112
    -8.439      1.116  -161     0      3.451  2112  2112
    -6.945     -3.951  -162     0      3.540  2112  2112
    -2.796      2.132  -163     3      3.557     0  2112
    -4.597      2.492  -164     0      3.564  2112  2112
    -6.835     -2.643  -165     0      3.593  2112  2112
    -9.495     -2.283  -166     0      3.642  2112  2112
    -5.223      0.926  -167     0      3.693  2112  2112
    -9.044      2.105  -168     0      3.736  2112  2112
    -3.308     -4.205  -169     0      3.737  2112  2112
    -5.676      2.064  -170     0      3.758  2112  2112
    -6.534     -3.984  -171     0      3.969  2112  2112
    -0.174     -1.781  -172     3      3.994     0  2112
    -8.517     -1.018  -173     0      4.023  2112  2112
    -9.344      3.051  -174     0      4.120  2112  2112
    -2.848      1.600  -175     0      4.246  2112  2112
    -4.698      4.231  -176     0      4.298  2112  2112
    -4.031      2.820  -177     0      4.399  2112  2112
    -5.321     -0.140  -178     0      4.442  2112  2112
    -1.366     -0.538  -179     1      4.521  2112  2112
    -9.263     -0.396  -180     0      4.590  2112  2112
     0.172     -3.171  -181     3      4.594     0  2112
    -1.919      3.365  -182     3      4.703     0  2112
    -3.629      2.833  -183     0      4.740  2112  2112
    -4.603     -3.100  -184     0      4.938  2112  2112
    -2.608      2.443  -185     3      5.071     0  2112
    -2.631      2.049  -186     3      5.178     0  2112
    -6.646      3.507  -187     0      5.180  2112  2112
    -8.011     -4.448  -188     0      5.255  2112  2112
    -3.837      3.206  -189     3      5.420     0  2112
    -3.700      2.662  -190     0      5.600  2112  2112
    -3.835      3.644  -191     0      5.993  2112  2112
    -5.742     -0.452  -192     0      6.131  2112  2112
    -4.807     -2.543  -193     0      6.315  2112  2112
    -3.091     -0.399  -194     0      6.821  2112  2112
    -5.227      1.198  -195     0      7.034  2112  2112
    -5.417      2.028  -196     0      7.237  2112  2112
    -2.781     -1.044  -197     0      7.739  2112  2112
